N,T,C,EPS,CNT
2,1,1,0.374,1000
2,1,2,0.0,1000
2,1,3,0.0,1000
2,1,4,0.0,1000
2,2,2,0.0,1000
2,2,3,0.0,1000
2,2,4,0.0,1000
3,1,1,0.399,1000
3,1,2,0.159,1000
3,1,3,0.0,1000
3,1,4,0.0,1000
3,1,5,0.0,1000
3,2,2,0.427,1000
3,2,3,0.0,1000
3,2,4,0.0,1000
3,2,5,0.0,1000
3,3,3,0.0,1000
3,3,4,0.0,1000
3,3,5,0.0,1000
4,1,1,0.374,1000
4,1,2,0.173,1000
4,1,3,0.077,1000
4,1,4,0.0,1000
4,1,5,0.0,1000
4,1,6,0.0,1000
4,2,2,0.506,1000
4,2,3,0.204,1000
4,2,4,0.0,1000
4,2,5,0.0,1000
4,2,6,0.0,1000
4,3,3,0.503,1000
4,3,4,0.0,1000
4,3,5,0.0,1000
4,3,6,0.0,1000
4,4,4,0.0,1000
4,4,5,0.0,1000
4,4,6,0.0,1000
5,1,1,0.426,1000
5,1,2,0.183,1000
5,1,3,0.077,1000
5,1,4,0.014,1000
5,1,5,0.0,1000
5,1,6,0.0,1000
5,1,7,0.0,1000
5,2,2,0.518,1000
5,2,3,0.227,1000
5,2,4,0.083,1000
5,2,5,0.0,1000
5,2,6,0.0,1000
5,2,7,0.0,1000
5,3,3,0.528,1000
5,3,4,0.198,1000
5,3,5,0.0,1000
5,3,6,0.0,1000
5,3,7,0.0,1000
5,4,4,0.465,1000
5,4,5,0.0,1000
5,4,6,0.0,1000
5,4,7,0.0,1000
5,5,5,0.0,1000
5,5,6,0.0,1000
5,5,7,0.0,1000
6,1,1,0.434,1000
6,1,2,0.19,1000
6,1,3,0.081,1000
6,1,4,0.034,1000
6,1,5,0.012,1000
6,1,6,0.0,1000
6,1,7,0.0,1000
6,1,8,0.0,1000
6,2,2,0.529,1000
6,2,3,0.294,1000
6,2,4,0.141,1000
6,2,5,0.052,1000
6,2,6,0.0,1000
6,2,7,0.0,1000
6,2,8,0.0,1000
6,3,3,0.57,1000
6,3,4,0.267,1000
6,3,5,0.119,1000
6,3,6,0.0,1000
6,3,7,0.0,1000
6,3,8,0.0,1000
6,4,4,0.572,1000
6,4,5,0.261,1000
6,4,6,0.0,1000
6,4,7,0.0,1000
6,4,8,0.0,1000
6,5,5,0.547,1000
6,5,6,0.0,1000
6,5,7,0.0,1000
6,5,8,0.0,1000
6,6,6,0.0,1000
6,6,7,0.0,1000
6,6,8,0.0,1000
7,1,1,0.431,1000
7,1,2,0.205,1000
7,1,3,0.104,1000
7,1,4,0.05,1000
7,1,5,0.018,1000
7,1,6,0.006,1000
7,1,7,0.0,1000
7,1,8,0.0,1000
7,1,9,0.0,1000
7,2,2,0.529,1000
7,2,3,0.248,1000
7,2,4,0.103,1000
7,2,5,0.056,1000
7,2,6,0.021,1000
7,2,7,0.0,1000
7,2,8,0.0,1000
7,2,9,0.0,1000
7,3,3,0.591,1000
7,3,4,0.31,1000
7,3,5,0.146,1000
7,3,6,0.041,1000
7,3,7,0.0,1000
7,3,8,0.0,1000
7,3,9,0.0,1000
7,4,4,0.625,1000
7,4,5,0.291,1000
7,4,6,0.117,1000
7,4,7,0.0,1000
7,4,8,0.0,1000
7,4,9,0.0,1000
7,5,5,0.59,1000
7,5,6,0.239,1000
7,5,7,0.0,1000
7,5,8,0.0,1000
7,5,9,0.0,1000
7,6,6,0.487,1000
7,6,7,0.0,1000
7,6,8,0.0,1000
7,6,9,0.0,1000
7,7,7,0.0,1000
7,7,8,0.0,1000
7,7,9,0.0,1000
8,1,1,0.431,1000
8,1,2,0.19,1000
8,1,3,0.1,1000
8,1,4,0.045,1000
8,1,5,0.031,1000
8,1,6,0.005,1000
8,1,7,0.004,1000
8,1,8,0.0,1000
8,1,9,0.0,1000
8,1,10,0.0,1000
8,2,2,0.554,1000
8,2,3,0.293,1000
8,2,4,0.129,1000
8,2,5,0.062,1000
8,2,6,0.043,1000
8,2,7,0.012,1000
8,2,8,0.0,1000
8,2,9,0.0,1000
8,2,10,0.0,1000
8,3,3,0.609,1000
8,3,4,0.32,1000
8,3,5,0.132,1000
8,3,6,0.074,1000
8,3,7,0.025,1000
8,3,8,0.0,1000
8,3,9,0.0,1000
8,3,10,0.0,1000
8,4,4,0.617,1000
8,4,5,0.319,1000
8,4,6,0.131,1000
8,4,7,0.055,1000
8,4,8,0.0,1000
8,4,9,0.0,1000
8,4,10,0.0,1000
8,5,5,0.64,1000
8,5,6,0.31,1000
8,5,7,0.126,1000
8,5,8,0.0,1000
8,5,9,0.0,1000
8,5,10,0.0,1000
8,6,6,0.591,1000
8,6,7,0.222,1000
8,6,8,0.0,1000
8,6,9,0.0,1000
8,6,10,0.0,1000
8,7,7,0.474,1000
8,7,8,0.0,1000
8,7,9,0.0,1000
8,7,10,0.0,1000
8,8,8,0.0,1000
8,8,9,0.0,1000
8,8,10,0.0,1000
9,1,1,0.46,1000
9,1,2,0.213,1000
9,1,3,0.098,1000
9,1,4,0.045,1000
9,1,5,0.018,1000
9,1,6,0.012,1000
9,1,7,0.003,1000
9,1,8,0.0,1000
9,1,9,0.0,1000
9,1,10,0.0,1000
9,2,2,0.577,1000
9,2,3,0.295,1000
9,2,4,0.138,1000
9,2,5,0.067,1000
9,2,6,0.025,1000
9,2,7,0.014,1000
9,2,8,0.004,1000
9,2,9,0.0,1000
9,2,10,0.0,1000
9,2,11,0.0,1000
9,3,3,0.591,1000
9,3,4,0.322,1000
9,3,5,0.148,1000
9,3,6,0.075,1000
9,3,7,0.036,1000
9,3,8,0.014,1000
9,3,9,0.0,1000
9,3,10,0.0,1000
9,3,11,0.0,1000
9,4,4,0.621,1000
9,4,5,0.339,1000
9,4,6,0.15,1000
9,4,7,0.082,1000
9,4,8,0.031,1000
9,4,9,0.0,1000
9,4,10,0.0,1000
9,4,11,0.0,1000
9,5,5,0.65,1000
9,5,6,0.317,1000
9,5,7,0.163,1000
9,5,8,0.06,1000
9,5,9,0.0,1000
9,5,10,0.0,1000
9,5,11,0.0,1000
9,6,6,0.631,1000
9,6,7,0.285,1000
9,6,8,0.142,1000
9,6,9,0.0,1000
9,6,10,0.0,1000
9,6,11,0.0,1000
9,7,7,0.624,1000
9,7,8,0.24,1000
9,7,9,0.0,1000
9,7,10,0.0,1000
9,7,11,0.0,1000
9,8,8,0.52,1000
9,8,9,0.0,1000
9,8,10,0.0,1000
9,8,11,0.0,1000
9,9,9,0.0,1000
9,9,10,0.0,1000
9,9,11,0.0,1000
10,1,1,0.45,1000
10,1,2,0.205,1000
10,1,3,0.099,1000
10,1,4,0.046,1000
10,1,5,0.026,1000
10,1,6,0.006,1000
10,1,7,0.005,1000
10,1,8,0.002,1000
10,1,9,0.0,1000
10,1,10,0.0,1000
10,1,11,0.0,1000
10,2,2,0.577,1000
10,2,3,0.283,1000
10,2,4,0.142,1000
10,2,5,0.065,1000
10,2,6,0.029,1000
10,2,7,0.018,1000
10,2,8,0.007,1000
10,2,9,0.0,1000
10,2,10,0.0,1000
10,2,11,0.0,1000
10,3,3,0.585,1000
10,3,4,0.319,1000
10,3,5,0.156,1000
10,3,6,0.084,1000
10,3,7,0.044,1000
10,3,8,0.017,1000
10,3,9,0.006,1000
10,3,10,0.0,1000
10,3,11,0.0,1000
10,3,12,0.0,1000
10,4,4,0.631,1000
10,4,5,0.329,1000
10,4,6,0.167,1000
10,4,7,0.078,1000
10,4,8,0.046,1000
10,4,9,0.016,1000
10,4,10,0.0,1000
10,4,11,0.0,1000
10,4,12,0.0,1000
10,5,5,0.628,1000
10,5,6,0.344,1000
10,5,7,0.156,1000
10,5,8,0.069,1000
10,5,9,0.025,1000
10,5,10,0.0,1000
10,5,11,0.0,1000
10,5,12,0.0,1000
10,6,6,0.635,1000
10,6,7,0.333,1000
10,6,8,0.168,1000
10,6,9,0.047,1000
10,6,10,0.0,1000
10,6,11,0.0,1000
10,6,12,0.0,1000
10,7,7,0.616,1000
10,7,8,0.338,1000
10,7,9,0.124,1000
10,7,10,0.0,1000
10,7,11,0.0,1000
10,7,12,0.0,1000
10,8,8,0.618,1000
10,8,9,0.253,1000
10,8,10,0.0,1000
10,8,11,0.0,1000
10,8,12,0.0,1000
10,9,9,0.469,1000
10,9,10,0.0,1000
10,9,11,0.0,1000
10,9,12,0.0,1000
10,10,10,0.0,1000
10,10,11,0.0,1000
10,10,12,0.0,1000
11,1,1,0.451,1000
11,1,2,0.202,1000
11,1,3,0.106,1000
11,1,4,0.054,1000
11,1,5,0.02,1000
11,1,6,0.01,1000
11,1,7,0.003,1000
11,1,8,0.003,1000
11,1,9,0.001,1000
11,1,10,0.001,1000
11,1,11,0.0,1000
11,1,12,0.0,1000
11,1,13,0.0,1000
11,2,2,0.57,1000
11,2,3,0.28,1000
11,2,4,0.127,1000
11,2,5,0.051,1000
11,2,6,0.036,1000
11,2,7,0.013,1000
11,2,8,0.007,1000
11,2,9,0.007,1000
11,2,10,0.002,1000
11,2,11,0.0,1000
11,2,12,0.0,1000
11,2,13,0.0,1000
11,3,3,0.596,1000
11,3,4,0.327,1000
11,3,5,0.165,1000
11,3,6,0.076,1000
11,3,7,0.04,1000
11,3,8,0.019,1000
11,3,9,0.008,1000
11,3,10,0.003,1000
11,3,11,0.0,1000
11,3,12,0.0,1000
11,3,13,0.0,1000
11,4,4,0.634,1000
11,4,5,0.341,1000
11,4,6,0.177,1000
11,4,7,0.085,1000
11,4,8,0.047,1000
11,4,9,0.022,1000
11,4,10,0.01,1000
11,4,11,0.0,1000
11,4,12,0.0,1000
11,4,13,0.0,1000
11,5,5,0.628,1000
11,5,6,0.319,1000
11,5,7,0.195,1000
11,5,8,0.091,1000
11,5,9,0.045,1000
11,5,10,0.017,1000
11,5,11,0.0,1000
11,5,12,0.0,1000
11,5,13,0.0,1000
11,6,6,0.661,1000
11,6,7,0.372,1000
11,6,8,0.211,1000
11,6,9,0.079,1000
11,6,10,0.025,1000
11,6,11,0.0,1000
11,6,12,0.0,1000
11,6,13,0.0,1000
11,7,7,0.624,1000
11,7,8,0.349,1000
11,7,9,0.177,1000
11,7,10,0.066,1000
11,7,11,0.0,1000
11,7,12,0.0,1000
11,7,13,0.0,1000
11,8,8,0.637,1000
11,8,9,0.349,1000
11,8,10,0.132,1000
11,8,11,0.0,1000
11,8,12,0.0,1000
11,8,13,0.0,1000
11,9,9,0.618,1000
11,9,10,0.264,1000
11,9,11,0.0,1000
11,9,12,0.0,1000
11,9,13,0.0,1000
11,10,10,0.499,1000
11,10,11,0.0,1000
11,10,12,0.0,1000
11,10,13,0.0,1000
11,11,11,0.0,1000
11,11,12,0.0,1000
11,11,13,0.0,1000
12,1,1,0.452,1000
12,1,2,0.203,1000
12,1,3,0.09,1000
12,1,4,0.048,1000
12,1,5,0.017,1000
12,1,6,0.007,1000
12,1,7,0.006,1000
12,1,8,0.002,1000
12,1,9,0.001,1000
12,1,10,0.0,1000
12,1,11,0.0,1000
12,1,12,0.0,1000
12,2,2,0.55,1000
12,2,3,0.289,1000
12,2,4,0.133,1000
12,2,5,0.088,1000
12,2,6,0.029,1000
12,2,7,0.019,1000
12,2,8,0.006,1000
12,2,9,0.004,1000
12,2,10,0.002,1000
12,2,11,0.0,1000
12,2,12,0.0,1000
12,2,13,0.0,1000
12,3,3,0.628,1000
12,3,4,0.358,1000
12,3,5,0.158,1000
12,3,6,0.091,1000
12,3,7,0.038,1000
12,3,8,0.02,1000
12,3,9,0.012,1000
12,3,10,0.002,1000
12,3,11,0.002,1000
12,3,12,0.0,1000
12,3,13,0.0,1000
12,3,14,0.0,1000
12,4,4,0.638,1000
12,4,5,0.336,1000
12,4,6,0.179,1000
12,4,7,0.096,1000
12,4,8,0.044,1000
12,4,9,0.019,1000
12,4,10,0.012,1000
12,4,11,0.0,1000
12,4,12,0.0,1000
12,4,13,0.0,1000
12,5,5,0.64,1000
12,5,6,0.381,1000
12,5,7,0.198,1000
12,5,8,0.097,1000
12,5,9,0.063,1000
12,5,10,0.015,1000
12,5,11,0.006,1000
12,5,12,0.0,1000
12,5,13,0.0,1000
12,5,14,0.0,1000
12,6,6,0.661,1000
12,6,7,0.374,1000
12,6,8,0.212,1000
12,6,9,0.087,1000
12,6,10,0.043,1000
12,6,11,0.009,1000
12,6,12,0.0,1000
12,6,13,0.0,1000
12,6,14,0.0,1000
12,7,7,0.659,1000
12,7,8,0.373,1000
12,7,9,0.175,1000
12,7,10,0.095,1000
12,7,11,0.039,1000
12,7,12,0.0,1000
12,7,13,0.0,1000
12,7,14,0.0,1000
12,8,8,0.658,1000
12,8,9,0.382,1000
12,8,10,0.174,1000
12,8,11,0.07,1000
12,8,12,0.0,1000
12,8,13,0.0,1000
12,8,14,0.0,1000
12,9,9,0.643,1000
12,9,10,0.328,1000
12,9,11,0.109,1000
12,9,12,0.0,1000
12,9,13,0.0,1000
12,9,14,0.0,1000
12,10,10,0.628,1000
12,10,11,0.256,1000
12,10,12,0.0,1000
12,10,13,0.0,1000
12,10,14,0.0,1000
12,11,11,0.492,1000
12,11,12,0.0,1000
12,11,13,0.0,1000
12,11,14,0.0,1000
12,12,12,0.0,1000
12,12,13,0.0,1000
12,12,14,0.0,1000
13,1,1,0.483,1000
13,1,2,0.206,1000
13,1,3,0.116,1000
13,1,4,0.054,1000
13,1,5,0.022,1000
13,1,6,0.003,1000
13,1,7,0.007,1000
13,1,8,0.004,1000
13,1,9,0.0,1000
13,1,10,0.001,1000
13,1,11,0.001,1000
13,1,12,0.0,1000
13,1,13,0.0,1000
13,1,14,0.0,1000
13,2,2,0.602,1000
13,2,3,0.303,1000
13,2,4,0.141,1000
13,2,5,0.082,1000
13,2,6,0.04,1000
13,2,7,0.012,1000
13,2,8,0.012,1000
13,2,9,0.003,1000
13,2,10,0.002,1000
13,2,11,0.0,1000
13,2,12,0.0,1000
13,2,13,0.0,1000
13,3,3,0.623,1000
13,3,4,0.332,1000
13,3,5,0.171,1000
13,3,6,0.075,1000
13,3,7,0.042,1000
13,3,8,0.022,1000
13,3,9,0.014,1000
13,3,10,0.003,1000
13,3,11,0.002,1000
13,3,12,0.0,1000
13,3,13,0.0,1000
13,3,14,0.0,1000
13,4,4,0.664,1000
13,4,5,0.338,1000
13,4,6,0.199,1000
13,4,7,0.081,1000
13,4,8,0.048,1000
13,4,9,0.019,1000
13,4,10,0.006,1000
13,4,11,0.002,1000
13,4,12,0.003,1000
13,4,13,0.0,1000
13,4,14,0.0,1000
13,4,15,0.0,1000
13,5,5,0.659,1000
13,5,6,0.401,1000
13,5,7,0.184,1000
13,5,8,0.088,1000
13,5,9,0.046,1000
13,5,10,0.026,1000
13,5,11,0.01,1000
13,5,12,0.002,1000
13,5,13,0.0,1000
13,5,14,0.0,1000
13,5,15,0.0,1000
13,6,6,0.651,1000
13,6,7,0.377,1000
13,6,8,0.203,1000
13,6,9,0.092,1000
13,6,10,0.047,1000
13,6,11,0.028,1000
13,6,12,0.006,1000
13,6,13,0.0,1000
13,6,14,0.0,1000
13,6,15,0.0,1000
13,7,7,0.674,1000
13,7,8,0.368,1000
13,7,9,0.157,1000
13,7,10,0.09,1000
13,7,11,0.042,1000
13,7,12,0.019,1000
13,7,13,0.0,1000
13,7,14,0.0,1000
13,7,15,0.0,1000
13,8,8,0.669,1000
13,8,9,0.352,1000
13,8,10,0.176,1000
13,8,11,0.089,1000
13,8,12,0.035,1000
13,8,13,0.0,1000
13,8,14,0.0,1000
13,8,15,0.0,1000
13,9,9,0.657,1000
13,9,10,0.394,1000
13,9,11,0.183,1000
13,9,12,0.076,1000
13,9,13,0.0,1000
13,9,14,0.0,1000
13,9,15,0.0,1000
13,10,10,0.628,1000
13,10,11,0.311,1000
13,10,12,0.115,1000
13,10,13,0.0,1000
13,10,14,0.0,1000
13,10,15,0.0,1000
13,11,11,0.576,1000
13,11,12,0.262,1000
13,11,13,0.0,1000
13,11,14,0.0,1000
13,11,15,0.0,1000
13,12,12,0.488,1000
13,12,13,0.0,1000
13,12,14,0.0,1000
13,12,15,0.0,1000
13,13,13,0.0,1000
13,13,14,0.0,1000
13,13,15,0.0,1000
14,1,1,0.493,1000
14,1,2,0.224,1000
14,1,3,0.108,1000
14,1,4,0.047,1000
14,1,5,0.026,1000
14,1,6,0.008,1000
14,1,7,0.01,1000
14,1,8,0.003,1000
14,1,9,0.001,1000
14,1,10,0.001,1000
14,1,11,0.001,1000
14,1,12,0.0,1000
14,1,13,0.0,1000
14,1,14,0.0,1000
14,2,2,0.55,1000
14,2,3,0.282,1000
14,2,4,0.125,1000
14,2,5,0.085,1000
14,2,6,0.032,1000
14,2,7,0.017,1000
14,2,8,0.008,1000
14,2,9,0.007,1000
14,2,10,0.0,1000
14,2,11,0.001,1000
14,2,12,0.0,1000
14,2,13,0.0,1000
14,2,14,0.0,1000
14,3,3,0.64,1000
14,3,4,0.333,1000
14,3,5,0.156,1000
14,3,6,0.1,1000
14,3,7,0.04,1000
14,3,8,0.028,1000
14,3,9,0.015,1000
14,3,10,0.002,1000
14,3,11,0.004,1000
14,3,12,0.002,1000
14,3,13,0.0,1000
14,3,14,0.0,1000
14,3,15,0.0,1000
14,4,4,0.662,1000
14,4,5,0.36,1000
14,4,6,0.204,1000
14,4,7,0.092,1000
14,4,8,0.047,1000
14,4,9,0.022,1000
14,4,10,0.009,1000
14,4,11,0.007,1000
14,4,12,0.0,1000
14,4,13,0.001,1000
14,4,14,0.0,1000
14,4,15,0.0,1000
14,4,16,0.0,1000
14,5,5,0.67,1000
14,5,6,0.355,1000
14,5,7,0.191,1000
14,5,8,0.107,1000
14,5,9,0.068,1000
14,5,10,0.019,1000
14,5,11,0.004,1000
14,5,12,0.002,1000
14,5,13,0.003,1000
14,5,14,0.0,1000
14,5,15,0.0,1000
14,5,16,0.0,1000
14,6,6,0.674,1000
14,6,7,0.37,1000
14,6,8,0.197,1000
14,6,9,0.111,1000
14,6,10,0.052,1000
14,6,11,0.015,1000
14,6,12,0.012,1000
14,6,13,0.003,1000
14,6,14,0.0,1000
14,6,15,0.0,1000
14,6,16,0.0,1000
14,7,7,0.658,1000
14,7,8,0.388,1000
14,7,9,0.193,1000
14,7,10,0.095,1000
14,7,11,0.064,1000
14,7,12,0.023,1000
14,7,13,0.011,1000
14,7,14,0.0,1000
14,7,15,0.0,1000
14,7,16,0.0,1000
14,8,8,0.682,1000
14,8,9,0.367,1000
14,8,10,0.188,1000
14,8,11,0.09,1000
14,8,12,0.042,1000
14,8,13,0.02,1000
14,8,14,0.0,1000
14,8,15,0.0,1000
14,8,16,0.0,1000
14,9,9,0.673,1000
14,9,10,0.376,1000
14,9,11,0.191,1000
14,9,12,0.108,1000
14,9,13,0.025,1000
14,9,14,0.0,1000
14,9,15,0.0,1000
14,9,16,0.0,1000
14,10,10,0.68,1000
14,10,11,0.375,1000
14,10,12,0.163,1000
14,10,13,0.063,1000
14,10,14,0.0,1000
14,10,15,0.0,1000
14,10,16,0.0,1000
14,11,11,0.66,1000
14,11,12,0.32,1000
14,11,13,0.123,1000
14,11,14,0.0,1000
14,11,15,0.0,1000
14,11,16,0.0,1000
14,12,12,0.604,1000
14,12,13,0.277,1000
14,12,14,0.0,1000
14,12,15,0.0,1000
14,12,16,0.0,1000
14,13,13,0.479,1000
14,13,14,0.0,1000
14,13,15,0.0,1000
14,13,16,0.0,1000
14,14,14,0.0,1000
14,14,15,0.0,1000
14,14,16,0.0,1000
15,1,1,0.488,1000
15,1,2,0.217,1000
15,1,3,0.113,1000
15,1,4,0.055,1000
15,1,5,0.018,1000
15,1,6,0.015,1000
15,1,7,0.005,1000
15,1,8,0.002,1000
15,1,9,0.002,1000
15,1,10,0.002,1000
15,1,11,0.0,1000
15,1,12,0.0,1000
15,1,13,0.0,1000
15,2,2,0.573,1000
15,2,3,0.302,1000
15,2,4,0.158,1000
15,2,5,0.058,1000
15,2,6,0.034,1000
15,2,7,0.017,1000
15,2,8,0.01,1000
15,2,9,0.004,1000
15,2,10,0.004,1000
15,2,11,0.001,1000
15,2,12,0.0,1000
15,2,13,0.001,1000
15,2,14,0.0,1000
15,2,15,0.0,1000
15,2,16,0.0,1000
15,3,3,0.625,1000
15,3,4,0.338,1000
15,3,5,0.158,1000
15,3,6,0.081,1000
15,3,7,0.05,1000
15,3,8,0.018,1000
15,3,9,0.009,1000
15,3,10,0.004,1000
15,3,11,0.003,1000
15,3,12,0.001,1000
15,3,13,0.0,1000
15,3,14,0.001,1000
15,3,15,0.0,1000
15,3,16,0.0,1000
15,3,17,0.0,1000
15,4,4,0.632,1000
15,4,5,0.359,1000
15,4,6,0.192,1000
15,4,7,0.089,1000
15,4,8,0.056,1000
15,4,9,0.024,1000
15,4,10,0.011,1000
15,4,11,0.006,1000
15,4,12,0.002,1000
15,4,13,0.0,1000
15,4,14,0.0,1000
15,4,15,0.0,1000
15,5,5,0.672,1000
15,5,6,0.382,1000
15,5,7,0.18,1000
15,5,8,0.1,1000
15,5,9,0.05,1000
15,5,10,0.025,1000
15,5,11,0.012,1000
15,5,12,0.005,1000
15,5,13,0.003,1000
15,5,14,0.001,1000
15,5,15,0.0,1000
15,5,16,0.0,1000
15,5,17,0.0,1000
15,6,6,0.698,1000
15,6,7,0.369,1000
15,6,8,0.21,1000
15,6,9,0.108,1000
15,6,10,0.044,1000
15,6,11,0.021,1000
15,6,12,0.017,1000
15,6,13,0.004,1000
15,6,14,0.003,1000
15,6,15,0.0,1000
15,6,16,0.0,1000
15,6,17,0.0,1000
15,7,7,0.685,1000
15,7,8,0.385,1000
15,7,9,0.196,1000
15,7,10,0.102,1000
15,7,11,0.051,1000
15,7,12,0.031,1000
15,7,13,0.006,1000
15,7,14,0.001,1000
15,7,15,0.0,1000
15,7,16,0.0,1000
15,7,17,0.0,1000
15,8,8,0.689,1000
15,8,9,0.401,1000
15,8,10,0.181,1000
15,8,11,0.1,1000
15,8,12,0.054,1000
15,8,13,0.017,1000
15,8,14,0.004,1000
15,8,15,0.0,1000
15,8,16,0.0,1000
15,8,17,0.0,1000
15,9,9,0.676,1000
15,9,10,0.363,1000
15,9,11,0.219,1000
15,9,12,0.107,1000
15,9,13,0.05,1000
15,9,14,0.015,1000
15,9,15,0.0,1000
15,9,16,0.0,1000
15,9,17,0.0,1000
15,10,10,0.674,1000
15,10,11,0.377,1000
15,10,12,0.185,1000
15,10,13,0.079,1000
15,10,14,0.024,1000
15,10,15,0.0,1000
15,10,16,0.0,1000
15,10,17,0.0,1000
15,11,11,0.685,1000
15,11,12,0.36,1000
15,11,13,0.171,1000
15,11,14,0.062,1000
15,11,15,0.0,1000
15,11,16,0.0,1000
15,11,17,0.0,1000
15,12,12,0.629,1000
15,12,13,0.356,1000
15,12,14,0.124,1000
15,12,15,0.0,1000
15,12,16,0.0,1000
15,12,17,0.0,1000
15,13,13,0.621,1000
15,13,14,0.243,1000
15,13,15,0.0,1000
15,13,16,0.0,1000
15,13,17,0.0,1000
15,14,14,0.498,1000
15,14,15,0.0,1000
15,14,16,0.0,1000
15,14,17,0.0,1000
15,15,15,0.0,1000
15,15,16,0.0,1000
15,15,17,0.0,1000
127,1,1,0.471,1000
127,1,2,0.244,1000
127,1,3,0.124,1000
127,1,4,0.066,1000
127,1,5,0.032,1000
127,1,6,0.017,1000
127,1,7,0.005,1000
127,1,8,0.003,1000
127,1,9,0.001,1000
127,1,10,0.0,1000
127,1,11,0.0,1000
127,1,12,0.0,1000
127,2,2,0.6,1000
127,2,3,0.363,1000
127,2,4,0.186,1000
127,2,5,0.093,1000
127,2,6,0.049,1000
127,2,7,0.024,1000
127,2,8,0.015,1000
127,2,9,0.002,1000
127,2,10,0.001,1000
127,2,11,0.004,1000
127,2,12,0.0,1000
127,2,13,0.001,1000
127,2,14,0.001,1000
127,2,15,0.0,1000
127,2,16,0.0,1000
127,2,17,0.0,1000
127,3,3,0.667,1000
127,3,4,0.367,1000
127,3,5,0.231,1000
127,3,6,0.096,1000
127,3,7,0.051,1000
127,3,8,0.025,1000
127,3,9,0.017,1000
127,3,10,0.005,1000
127,3,11,0.003,1000
127,3,12,0.0,1000
127,3,13,0.0,1000
127,3,14,0.0,1000
127,4,4,0.688,1000
127,4,5,0.427,1000
127,4,6,0.198,1000
127,4,7,0.111,1000
127,4,8,0.058,1000
127,4,9,0.033,1000
127,4,10,0.013,1000
127,4,11,0.006,1000
127,4,12,0.005,1000
127,4,13,0.004,1000
127,4,14,0.0,1000
127,4,15,0.002,1000
127,4,16,0.0,1000
127,4,17,0.0,1000
127,4,18,0.0,1000
127,5,5,0.711,1000
127,5,6,0.415,1000
127,5,7,0.227,1000
127,5,8,0.111,1000
127,5,9,0.059,1000
127,5,10,0.029,1000
127,5,11,0.009,1000
127,5,12,0.007,1000
127,5,13,0.007,1000
127,5,14,0.0,1000
127,5,15,0.002,1000
127,5,16,0.0,1000
127,5,17,0.0,1000
127,5,18,0.0,1000
127,6,6,0.717,1000
127,6,7,0.394,1000
127,6,8,0.224,1000
127,6,9,0.105,1000
127,6,10,0.077,1000
127,6,11,0.035,1000
127,6,12,0.014,1000
127,6,13,0.005,1000
127,6,14,0.002,1000
127,6,15,0.001,1000
127,6,16,0.001,1000
127,6,17,0.003,1000
127,6,18,0.001,1000
127,6,19,0.0,1000
127,6,20,0.0,1000
127,6,21,0.001,1000
127,6,22,0.0,1000
127,6,23,0.0,1000
127,6,24,0.0,1000
127,7,7,0.703,1000
127,7,8,0.436,1000
127,7,9,0.23,1000
127,7,10,0.109,1000
127,7,11,0.067,1000
127,7,12,0.036,1000
127,7,13,0.011,1000
127,7,14,0.008,1000
127,7,15,0.006,1000
127,7,16,0.004,1000
127,7,17,0.0,1000
127,7,18,0.002,1000
127,7,19,0.0,1000
127,7,20,0.0,1000
127,7,21,0.0,1000
127,8,8,0.671,1000
127,8,9,0.42,1000
127,8,10,0.216,1000
127,8,11,0.119,1000
127,8,12,0.071,1000
127,8,13,0.029,1000
127,8,14,0.014,1000
127,8,15,0.009,1000
127,8,16,0.001,1000
127,8,17,0.0,1000
127,8,18,0.001,1000
127,8,19,0.001,1000
127,8,20,0.0,1000
127,8,21,0.0,1000
127,8,22,0.0,1000
127,9,9,0.716,1000
127,9,10,0.402,1000
127,9,11,0.234,1000
127,9,12,0.117,1000
127,9,13,0.055,1000
127,9,14,0.023,1000
127,9,15,0.011,1000
127,9,16,0.004,1000
127,9,17,0.003,1000
127,9,18,0.002,1000
127,9,19,0.001,1000
127,9,20,0.0,1000
127,9,21,0.0,1000
127,9,22,0.0,1000
127,10,10,0.707,1000
127,10,11,0.43,1000
127,10,12,0.231,1000
127,10,13,0.106,1000
127,10,14,0.064,1000
127,10,15,0.036,1000
127,10,16,0.024,1000
127,10,17,0.006,1000
127,10,18,0.004,1000
127,10,19,0.004,1000
127,10,20,0.0,1000
127,10,21,0.0,1000
127,10,22,0.0,1000
127,11,11,0.721,1000
127,11,12,0.422,1000
127,11,13,0.244,1000
127,11,14,0.103,1000
127,11,15,0.064,1000
127,11,16,0.02,1000
127,11,17,0.012,1000
127,11,18,0.004,1000
127,11,19,0.006,1000
127,11,20,0.0,1000
127,11,21,0.002,1000
127,11,22,0.0,1000
127,11,23,0.0,1000
127,11,24,0.0,1000
127,12,12,0.734,1000
127,12,13,0.437,1000
127,12,14,0.22,1000
127,12,15,0.124,1000
127,12,16,0.06,1000
127,12,17,0.023,1000
127,12,18,0.016,1000
127,12,19,0.013,1000
127,12,20,0.0,1000
127,12,21,0.004,1000
127,12,22,0.002,1000
127,12,23,0.001,1000
127,12,24,0.001,1000
127,12,25,0.001,1000
127,12,26,0.0,1000
127,12,27,0.0,1000
127,12,28,0.0,1000
127,13,13,0.715,1000
127,13,14,0.439,1000
127,13,15,0.226,1000
127,13,16,0.139,1000
127,13,17,0.061,1000
127,13,18,0.024,1000
127,13,19,0.018,1000
127,13,20,0.004,1000
127,13,21,0.001,1000
127,13,22,0.005,1000
127,13,23,0.0,1000
127,13,24,0.0,1000
127,13,25,0.0,1000
127,14,14,0.701,1000
127,14,15,0.404,1000
127,14,16,0.241,1000
127,14,17,0.115,1000
127,14,18,0.064,1000
127,14,19,0.02,1000
127,14,20,0.014,1000
127,14,21,0.016,1000
127,14,22,0.006,1000
127,14,23,0.001,1000
127,14,24,0.001,1000
127,14,25,0.002,1000
127,14,26,0.001,1000
127,14,27,0.0,1000
127,14,28,0.0,1000
127,14,29,0.0,1000
127,15,15,0.697,1000
127,15,16,0.408,1000
127,15,17,0.229,1000
127,15,18,0.129,1000
127,15,19,0.062,1000
127,15,20,0.033,1000
127,15,21,0.012,1000
127,15,22,0.009,1000
127,15,23,0.004,1000
127,15,24,0.003,1000
127,15,25,0.001,1000
127,15,26,0.002,1000
127,15,27,0.0,1000
127,15,28,0.0,1000
127,15,29,0.0,1000
127,16,16,0.706,1000
127,16,17,0.433,1000
127,16,18,0.236,1000
127,16,19,0.109,1000
127,16,20,0.066,1000
127,16,21,0.02,1000
127,16,22,0.017,1000
127,16,23,0.009,1000
127,16,24,0.003,1000
127,16,25,0.002,1000
127,16,26,0.004,1000
127,16,27,0.001,1000
127,16,28,0.002,1000
127,16,29,0.0,1000
127,16,30,0.0,1000
127,16,31,0.0,1000
127,17,17,0.72,1000
127,17,18,0.44,1000
127,17,19,0.237,1000
127,17,20,0.114,1000
127,17,21,0.056,1000
127,17,22,0.036,1000
127,17,23,0.015,1000
127,17,24,0.006,1000
127,17,25,0.008,1000
127,17,26,0.002,1000
127,17,27,0.001,1000
127,17,28,0.0,1000
127,17,29,0.0,1000
127,17,30,0.0,1000
127,18,18,0.712,1000
127,18,19,0.441,1000
127,18,20,0.235,1000
127,18,21,0.123,1000
127,18,22,0.05,1000
127,18,23,0.027,1000
127,18,24,0.009,1000
127,18,25,0.008,1000
127,18,26,0.005,1000
127,18,27,0.0,1000
127,18,28,0.004,1000
127,18,29,0.001,1000
127,18,30,0.001,1000
127,18,31,0.0,1000
127,18,32,0.0,1000
127,18,33,0.0,1000
127,19,19,0.712,1000
127,19,20,0.436,1000
127,19,21,0.226,1000
127,19,22,0.119,1000
127,19,23,0.068,1000
127,19,24,0.03,1000
127,19,25,0.016,1000
127,19,26,0.005,1000
127,19,27,0.009,1000
127,19,28,0.001,1000
127,19,29,0.0,1000
127,19,30,0.0,1000
127,19,31,0.0,1000
127,20,20,0.71,1000
127,20,21,0.448,1000
127,20,22,0.223,1000
127,20,23,0.118,1000
127,20,24,0.067,1000
127,20,25,0.027,1000
127,20,26,0.014,1000
127,20,27,0.011,1000
127,20,28,0.002,1000
127,20,29,0.002,1000
127,20,30,0.002,1000
127,20,31,0.001,1000
127,20,32,0.0,1000
127,20,33,0.0,1000
127,20,34,0.0,1000
127,21,21,0.718,1000
127,21,22,0.43,1000
127,21,23,0.221,1000
127,21,24,0.109,1000
127,21,25,0.067,1000
127,21,26,0.047,1000
127,21,27,0.02,1000
127,21,28,0.012,1000
127,21,29,0.002,1000
127,21,30,0.003,1000
127,21,31,0.002,1000
127,21,32,0.001,1000
127,21,33,0.0,1000
127,21,34,0.0,1000
127,21,35,0.0,1000
127,22,22,0.698,1000
127,22,23,0.423,1000
127,22,24,0.236,1000
127,22,25,0.119,1000
127,22,26,0.078,1000
127,22,27,0.027,1000
127,22,28,0.019,1000
127,22,29,0.014,1000
127,22,30,0.005,1000
127,22,31,0.001,1000
127,22,32,0.0,1000
127,22,33,0.002,1000
127,22,34,0.0,1000
127,22,35,0.0,1000
127,22,36,0.0,1000
127,23,23,0.716,1000
127,23,24,0.432,1000
127,23,25,0.217,1000
127,23,26,0.11,1000
127,23,27,0.047,1000
127,23,28,0.032,1000
127,23,29,0.02,1000
127,23,30,0.013,1000
127,23,31,0.004,1000
127,23,32,0.001,1000
127,23,33,0.001,1000
127,23,34,0.001,1000
127,23,35,0.0,1000
127,23,36,0.0,1000
127,23,37,0.0,1000
127,24,24,0.715,1000
127,24,25,0.418,1000
127,24,26,0.233,1000
127,24,27,0.106,1000
127,24,28,0.054,1000
127,24,29,0.035,1000
127,24,30,0.018,1000
127,24,31,0.012,1000
127,24,32,0.004,1000
127,24,33,0.0,1000
127,24,34,0.001,1000
127,24,35,0.0,1000
127,24,36,0.0,1000
127,24,37,0.0,1000
127,25,25,0.742,1000
127,25,26,0.418,1000
127,25,27,0.221,1000
127,25,28,0.124,1000
127,25,29,0.054,1000
127,25,30,0.043,1000
127,25,31,0.014,1000
127,25,32,0.008,1000
127,25,33,0.009,1000
127,25,34,0.001,1000
127,25,35,0.001,1000
127,25,36,0.0,1000
127,25,37,0.0,1000
127,25,38,0.0,1000
127,26,26,0.711,1000
127,26,27,0.423,1000
127,26,28,0.24,1000
127,26,29,0.129,1000
127,26,30,0.056,1000
127,26,31,0.026,1000
127,26,32,0.014,1000
127,26,33,0.008,1000
127,26,34,0.002,1000
127,26,35,0.0,1000
127,26,36,0.001,1000
127,26,37,0.0,1000
127,26,38,0.0,1000
127,26,39,0.0,1000
127,27,27,0.715,1000
127,27,28,0.438,1000
127,27,29,0.232,1000
127,27,30,0.119,1000
127,27,31,0.056,1000
127,27,32,0.031,1000
127,27,33,0.015,1000
127,27,34,0.008,1000
127,27,35,0.006,1000
127,27,36,0.001,1000
127,27,37,0.0,1000
127,27,38,0.0,1000
127,27,39,0.001,1000
127,27,40,0.0,1000
127,27,41,0.0,1000
127,27,42,0.0,1000
127,28,28,0.722,1000
127,28,29,0.419,1000
127,28,30,0.243,1000
127,28,31,0.135,1000
127,28,32,0.056,1000
127,28,33,0.027,1000
127,28,34,0.013,1000
127,28,35,0.012,1000
127,28,36,0.004,1000
127,28,37,0.001,1000
127,28,38,0.0,1000
127,28,39,0.001,1000
127,28,40,0.0,1000
127,28,41,0.0,1000
127,28,42,0.0,1000
127,29,29,0.711,1000
127,29,30,0.427,1000
127,29,31,0.237,1000
127,29,32,0.128,1000
127,29,33,0.074,1000
127,29,34,0.027,1000
127,29,35,0.014,1000
127,29,36,0.009,1000
127,29,37,0.002,1000
127,29,38,0.002,1000
127,29,39,0.0,1000
127,29,40,0.0,1000
127,29,41,0.001,1000
127,29,42,0.0,1000
127,29,43,0.0,1000
127,29,44,0.0,1000
127,30,30,0.7,1000
127,30,31,0.416,1000
127,30,32,0.24,1000
127,30,33,0.103,1000
127,30,34,0.062,1000
127,30,35,0.027,1000
127,30,36,0.018,1000
127,30,37,0.007,1000
127,30,38,0.006,1000
127,30,39,0.0,1000
127,30,40,0.004,1000
127,30,41,0.0,1000
127,30,42,0.0,1000
127,30,43,0.0,1000
127,31,31,0.711,1000
127,31,32,0.42,1000
127,31,33,0.236,1000
127,31,34,0.116,1000
127,31,35,0.059,1000
127,31,36,0.031,1000
127,31,37,0.016,1000
127,31,38,0.009,1000
127,31,39,0.003,1000
127,31,40,0.002,1000
127,31,41,0.003,1000
127,31,42,0.002,1000
127,31,43,0.0,1000
127,31,44,0.0,1000
127,31,45,0.0,1000
127,32,32,0.714,1000
127,32,33,0.436,1000
127,32,34,0.246,1000
127,32,35,0.117,1000
127,32,36,0.059,1000
127,32,37,0.035,1000
127,32,38,0.011,1000
127,32,39,0.014,1000
127,32,40,0.003,1000
127,32,41,0.002,1000
127,32,42,0.002,1000
127,32,43,0.0,1000
127,32,44,0.0,1000
127,32,45,0.0,1000
127,33,33,0.713,1000
127,33,34,0.398,1000
127,33,35,0.226,1000
127,33,36,0.132,1000
127,33,37,0.064,1000
127,33,38,0.029,1000
127,33,39,0.02,1000
127,33,40,0.005,1000
127,33,41,0.005,1000
127,33,42,0.004,1000
127,33,43,0.0,1000
127,33,44,0.0,1000
127,33,45,0.0,1000
127,34,34,0.702,1000
127,34,35,0.417,1000
127,34,36,0.234,1000
127,34,37,0.132,1000
127,34,38,0.067,1000
127,34,39,0.027,1000
127,34,40,0.014,1000
127,34,41,0.012,1000
127,34,42,0.007,1000
127,34,43,0.003,1000
127,34,44,0.001,1000
127,34,45,0.0,1000
127,34,46,0.0,1000
127,34,47,0.001,1000
127,34,48,0.0,1000
127,34,49,0.0,1000
127,34,50,0.0,1000
127,35,35,0.722,1000
127,35,36,0.43,1000
127,35,37,0.22,1000
127,35,38,0.13,1000
127,35,39,0.061,1000
127,35,40,0.027,1000
127,35,41,0.016,1000
127,35,42,0.007,1000
127,35,43,0.002,1000
127,35,44,0.003,1000
127,35,45,0.0,1000
127,35,46,0.0,1000
127,35,47,0.0,1000
127,36,36,0.718,1000
127,36,37,0.426,1000
127,36,38,0.226,1000
127,36,39,0.142,1000
127,36,40,0.05,1000
127,36,41,0.033,1000
127,36,42,0.018,1000
127,36,43,0.008,1000
127,36,44,0.003,1000
127,36,45,0.001,1000
127,36,46,0.002,1000
127,36,47,0.002,1000
127,36,48,0.0,1000
127,36,49,0.0,1000
127,36,50,0.0,1000
127,37,37,0.707,1000
127,37,38,0.427,1000
127,37,39,0.217,1000
127,37,40,0.116,1000
127,37,41,0.065,1000
127,37,42,0.025,1000
127,37,43,0.019,1000
127,37,44,0.009,1000
127,37,45,0.006,1000
127,37,46,0.003,1000
127,37,47,0.003,1000
127,37,48,0.001,1000
127,37,49,0.0,1000
127,37,50,0.0,1000
127,37,51,0.0,1000
127,38,38,0.695,1000
127,38,39,0.428,1000
127,38,40,0.227,1000
127,38,41,0.116,1000
127,38,42,0.051,1000
127,38,43,0.029,1000
127,38,44,0.016,1000
127,38,45,0.009,1000
127,38,46,0.008,1000
127,38,47,0.003,1000
127,38,48,0.0,1000
127,38,49,0.001,1000
127,38,50,0.0,1000
127,38,51,0.001,1000
127,38,52,0.0,1000
127,38,53,0.0,1000
127,38,54,0.0,1000
127,39,39,0.694,1000
127,39,40,0.427,1000
127,39,41,0.211,1000
127,39,42,0.103,1000
127,39,43,0.066,1000
127,39,44,0.035,1000
127,39,45,0.016,1000
127,39,46,0.01,1000
127,39,47,0.002,1000
127,39,48,0.003,1000
127,39,49,0.001,1000
127,39,50,0.001,1000
127,39,51,0.0,1000
127,39,52,0.0,1000
127,39,53,0.0,1000
127,40,40,0.689,1000
127,40,41,0.422,1000
127,40,42,0.249,1000
127,40,43,0.126,1000
127,40,44,0.052,1000
127,40,45,0.033,1000
127,40,46,0.013,1000
127,40,47,0.004,1000
127,40,48,0.005,1000
127,40,49,0.003,1000
127,40,50,0.001,1000
127,40,51,0.001,1000
127,40,52,0.001,1000
127,40,53,0.0,1000
127,40,54,0.0,1000
127,40,55,0.0,1000
127,41,41,0.699,1000
127,41,42,0.428,1000
127,41,43,0.231,1000
127,41,44,0.108,1000
127,41,45,0.078,1000
127,41,46,0.038,1000
127,41,47,0.011,1000
127,41,48,0.008,1000
127,41,49,0.002,1000
127,41,50,0.003,1000
127,41,51,0.001,1000
127,41,52,0.001,1000
127,41,53,0.002,1000
127,41,54,0.0,1000
127,41,55,0.0,1000
127,41,56,0.0,1000
127,42,42,0.727,1000
127,42,43,0.436,1000
127,42,44,0.214,1000
127,42,45,0.121,1000
127,42,46,0.062,1000
127,42,47,0.032,1000
127,42,48,0.018,1000
127,42,49,0.01,1000
127,42,50,0.004,1000
127,42,51,0.0,1000
127,42,52,0.002,1000
127,42,53,0.001,1000
127,42,54,0.002,1000
127,42,55,0.001,1000
127,42,56,0.0,1000
127,42,57,0.0,1000
127,42,58,0.0,1000
127,43,43,0.703,1000
127,43,44,0.42,1000
127,43,45,0.253,1000
127,43,46,0.162,1000
127,43,47,0.07,1000
127,43,48,0.033,1000
127,43,49,0.011,1000
127,43,50,0.012,1000
127,43,51,0.006,1000
127,43,52,0.001,1000
127,43,53,0.0,1000
127,43,54,0.002,1000
127,43,55,0.0,1000
127,43,56,0.0,1000
127,43,57,0.0,1000
127,44,44,0.727,1000
127,44,45,0.444,1000
127,44,46,0.234,1000
127,44,47,0.113,1000
127,44,48,0.057,1000
127,44,49,0.029,1000
127,44,50,0.013,1000
127,44,51,0.009,1000
127,44,52,0.004,1000
127,44,53,0.0,1000
127,44,54,0.002,1000
127,44,55,0.002,1000
127,44,56,0.001,1000
127,44,57,0.0,1000
127,44,58,0.0,1000
127,44,59,0.0,1000
127,45,45,0.719,1000
127,45,46,0.417,1000
127,45,47,0.222,1000
127,45,48,0.093,1000
127,45,49,0.063,1000
127,45,50,0.029,1000
127,45,51,0.019,1000
127,45,52,0.005,1000
127,45,53,0.004,1000
127,45,54,0.002,1000
127,45,55,0.0,1000
127,45,56,0.0,1000
127,45,57,0.0,1000
127,46,46,0.717,1000
127,46,47,0.415,1000
127,46,48,0.25,1000
127,46,49,0.116,1000
127,46,50,0.058,1000
127,46,51,0.036,1000
127,46,52,0.019,1000
127,46,53,0.005,1000
127,46,54,0.007,1000
127,46,55,0.0,1000
127,46,56,0.001,1000
127,46,57,0.0,1000
127,46,58,0.001,1000
127,46,59,0.0,1000
127,46,60,0.0,1000
127,46,61,0.0,1000
127,47,47,0.725,1000
127,47,48,0.445,1000
127,47,49,0.224,1000
127,47,50,0.131,1000
127,47,51,0.051,1000
127,47,52,0.029,1000
127,47,53,0.019,1000
127,47,54,0.004,1000
127,47,55,0.005,1000
127,47,56,0.003,1000
127,47,57,0.002,1000
127,47,58,0.0,1000
127,47,59,0.0,1000
127,47,60,0.0,1000
127,48,48,0.703,1000
127,48,49,0.437,1000
127,48,50,0.239,1000
127,48,51,0.126,1000
127,48,52,0.057,1000
127,48,53,0.032,1000
127,48,54,0.017,1000
127,48,55,0.009,1000
127,48,56,0.007,1000
127,48,57,0.002,1000
127,48,58,0.001,1000
127,48,59,0.001,1000
127,48,60,0.0,1000
127,48,61,0.0,1000
127,48,62,0.0,1000
127,49,49,0.699,1000
127,49,50,0.405,1000
127,49,51,0.209,1000
127,49,52,0.116,1000
127,49,53,0.062,1000
127,49,54,0.041,1000
127,49,55,0.012,1000
127,49,56,0.005,1000
127,49,57,0.003,1000
127,49,58,0.001,1000
127,49,59,0.0,1000
127,49,60,0.002,1000
127,49,61,0.0,1000
127,49,62,0.0,1000
127,49,63,0.001,1000
127,49,64,0.0,1000
127,49,65,0.0,1000
127,49,66,0.0,1000
127,50,50,0.731,1000
127,50,51,0.431,1000
127,50,52,0.231,1000
127,50,53,0.107,1000
127,50,54,0.058,1000
127,50,55,0.032,1000
127,50,56,0.016,1000
127,50,57,0.009,1000
127,50,58,0.004,1000
127,50,59,0.005,1000
127,50,60,0.002,1000
127,50,61,0.001,1000
127,50,62,0.0,1000
127,50,63,0.0,1000
127,50,64,0.0,1000
127,51,51,0.713,1000
127,51,52,0.43,1000
127,51,53,0.249,1000
127,51,54,0.116,1000
127,51,55,0.065,1000
127,51,56,0.032,1000
127,51,57,0.018,1000
127,51,58,0.004,1000
127,51,59,0.007,1000
127,51,60,0.003,1000
127,51,61,0.002,1000
127,51,62,0.0,1000
127,51,63,0.0,1000
127,51,64,0.0,1000
127,52,52,0.726,1000
127,52,53,0.409,1000
127,52,54,0.267,1000
127,52,55,0.121,1000
127,52,56,0.06,1000
127,52,57,0.019,1000
127,52,58,0.015,1000
127,52,59,0.01,1000
127,52,60,0.004,1000
127,52,61,0.0,1000
127,52,62,0.0,1000
127,52,63,0.001,1000
127,52,64,0.001,1000
127,52,65,0.001,1000
127,52,66,0.001,1000
127,52,67,0.0,1000
127,52,68,0.0,1000
127,52,69,0.0,1000
127,53,53,0.722,1000
127,53,54,0.435,1000
127,53,55,0.249,1000
127,53,56,0.124,1000
127,53,57,0.067,1000
127,53,58,0.03,1000
127,53,59,0.019,1000
127,53,60,0.006,1000
127,53,61,0.003,1000
127,53,62,0.001,1000
127,53,63,0.0,1000
127,53,64,0.0,1000
127,53,65,0.0,1000
127,54,54,0.744,1000
127,54,55,0.428,1000
127,54,56,0.24,1000
127,54,57,0.122,1000
127,54,58,0.069,1000
127,54,59,0.029,1000
127,54,60,0.019,1000
127,54,61,0.006,1000
127,54,62,0.004,1000
127,54,63,0.0,1000
127,54,64,0.0,1000
127,54,65,0.001,1000
127,54,66,0.002,1000
127,54,67,0.0,1000
127,54,68,0.001,1000
127,54,69,0.0,1000
127,54,70,0.0,1000
127,54,71,0.0,1000
127,55,55,0.701,1000
127,55,56,0.4,1000
127,55,57,0.231,1000
127,55,58,0.136,1000
127,55,59,0.068,1000
127,55,60,0.033,1000
127,55,61,0.009,1000
127,55,62,0.008,1000
127,55,63,0.007,1000
127,55,64,0.0,1000
127,55,65,0.001,1000
127,55,66,0.0,1000
127,55,67,0.0,1000
127,55,68,0.0,1000
127,56,56,0.701,1000
127,56,57,0.417,1000
127,56,58,0.211,1000
127,56,59,0.11,1000
127,56,60,0.069,1000
127,56,61,0.037,1000
127,56,62,0.014,1000
127,56,63,0.006,1000
127,56,64,0.001,1000
127,56,65,0.001,1000
127,56,66,0.003,1000
127,56,67,0.001,1000
127,56,68,0.0,1000
127,56,69,0.0,1000
127,56,70,0.0,1000
127,57,57,0.709,1000
127,57,58,0.444,1000
127,57,59,0.23,1000
127,57,60,0.115,1000
127,57,61,0.052,1000
127,57,62,0.032,1000
127,57,63,0.016,1000
127,57,64,0.006,1000
127,57,65,0.005,1000
127,57,66,0.003,1000
127,57,67,0.002,1000
127,57,68,0.001,1000
127,57,69,0.0,1000
127,57,70,0.0,1000
127,57,71,0.0,1000
127,58,58,0.721,1000
127,58,59,0.407,1000
127,58,60,0.242,1000
127,58,61,0.124,1000
127,58,62,0.07,1000
127,58,63,0.028,1000
127,58,64,0.016,1000
127,58,65,0.004,1000
127,58,66,0.002,1000
127,58,67,0.001,1000
127,58,68,0.0,1000
127,58,69,0.0,1000
127,58,70,0.0,1000
127,59,59,0.694,1000
127,59,60,0.45,1000
127,59,61,0.248,1000
127,59,62,0.131,1000
127,59,63,0.058,1000
127,59,64,0.027,1000
127,59,65,0.006,1000
127,59,66,0.009,1000
127,59,67,0.003,1000
127,59,68,0.003,1000
127,59,69,0.0,1000
127,59,70,0.002,1000
127,59,71,0.001,1000
127,59,72,0.0,1000
127,59,73,0.0,1000
127,59,74,0.0,1000
127,60,60,0.715,1000
127,60,61,0.425,1000
127,60,62,0.232,1000
127,60,63,0.118,1000
127,60,64,0.051,1000
127,60,65,0.041,1000
127,60,66,0.015,1000
127,60,67,0.008,1000
127,60,68,0.006,1000
127,60,69,0.002,1000
127,60,70,0.002,1000
127,60,71,0.0,1000
127,60,72,0.0,1000
127,60,73,0.0,1000
127,61,61,0.691,1000
127,61,62,0.424,1000
127,61,63,0.242,1000
127,61,64,0.129,1000
127,61,65,0.066,1000
127,61,66,0.032,1000
127,61,67,0.015,1000
127,61,68,0.009,1000
127,61,69,0.004,1000
127,61,70,0.001,1000
127,61,71,0.0,1000
127,61,72,0.001,1000
127,61,73,0.0,1000
127,61,74,0.0,1000
127,61,75,0.0,1000
127,62,62,0.709,1000
127,62,63,0.38,1000
127,62,64,0.229,1000
127,62,65,0.108,1000
127,62,66,0.072,1000
127,62,67,0.034,1000
127,62,68,0.011,1000
127,62,69,0.006,1000
127,62,70,0.005,1000
127,62,71,0.002,1000
127,62,72,0.0,1000
127,62,73,0.0,1000
127,62,74,0.0,1000
127,63,63,0.696,1000
127,63,64,0.431,1000
127,63,65,0.209,1000
127,63,66,0.107,1000
127,63,67,0.062,1000
127,63,68,0.026,1000
127,63,69,0.017,1000
127,63,70,0.016,1000
127,63,71,0.004,1000
127,63,72,0.0,1000
127,63,73,0.0,1000
127,63,74,0.002,1000
127,63,75,0.0,1000
127,63,76,0.0,1000
127,63,77,0.0,1000
127,64,64,0.716,1000
127,64,65,0.453,1000
127,64,66,0.219,1000
127,64,67,0.097,1000
127,64,68,0.065,1000
127,64,69,0.019,1000
127,64,70,0.018,1000
127,64,71,0.006,1000
127,64,72,0.005,1000
127,64,73,0.003,1000
127,64,74,0.004,1000
127,64,75,0.0,1000
127,64,76,0.0,1000
127,64,77,0.0,1000
127,65,65,0.717,1000
127,65,66,0.443,1000
127,65,67,0.238,1000
127,65,68,0.134,1000
127,65,69,0.054,1000
127,65,70,0.046,1000
127,65,71,0.014,1000
127,65,72,0.006,1000
127,65,73,0.004,1000
127,65,74,0.002,1000
127,65,75,0.0,1000
127,65,76,0.0,1000
127,65,77,0.0,1000
127,66,66,0.71,1000
127,66,67,0.432,1000
127,66,68,0.221,1000
127,66,69,0.12,1000
127,66,70,0.061,1000
127,66,71,0.03,1000
127,66,72,0.018,1000
127,66,73,0.007,1000
127,66,74,0.001,1000
127,66,75,0.001,1000
127,66,76,0.0,1000
127,66,77,0.001,1000
127,66,78,0.0,1000
127,66,79,0.0,1000
127,66,80,0.0,1000
127,67,67,0.668,1000
127,67,68,0.405,1000
127,67,69,0.242,1000
127,67,70,0.136,1000
127,67,71,0.068,1000
127,67,72,0.03,1000
127,67,73,0.012,1000
127,67,74,0.004,1000
127,67,75,0.005,1000
127,67,76,0.004,1000
127,67,77,0.004,1000
127,67,78,0.001,1000
127,67,79,0.0,1000
127,67,80,0.0,1000
127,67,81,0.0,1000
127,68,68,0.698,1000
127,68,69,0.457,1000
127,68,70,0.225,1000
127,68,71,0.113,1000
127,68,72,0.064,1000
127,68,73,0.027,1000
127,68,74,0.016,1000
127,68,75,0.009,1000
127,68,76,0.003,1000
127,68,77,0.001,1000
127,68,78,0.001,1000
127,68,79,0.0,1000
127,68,80,0.0,1000
127,68,81,0.001,1000
127,68,82,0.0,1000
127,68,83,0.0,1000
127,68,84,0.0,1000
127,69,69,0.725,1000
127,69,70,0.406,1000
127,69,71,0.252,1000
127,69,72,0.106,1000
127,69,73,0.062,1000
127,69,74,0.028,1000
127,69,75,0.019,1000
127,69,76,0.007,1000
127,69,77,0.006,1000
127,69,78,0.001,1000
127,69,79,0.003,1000
127,69,80,0.002,1000
127,69,81,0.0,1000
127,69,82,0.0,1000
127,69,83,0.0,1000
127,70,70,0.709,1000
127,70,71,0.416,1000
127,70,72,0.215,1000
127,70,73,0.118,1000
127,70,74,0.065,1000
127,70,75,0.028,1000
127,70,76,0.014,1000
127,70,77,0.008,1000
127,70,78,0.003,1000
127,70,79,0.002,1000
127,70,80,0.002,1000
127,70,81,0.001,1000
127,70,82,0.001,1000
127,70,83,0.0,1000
127,70,84,0.001,1000
127,70,85,0.0,1000
127,70,86,0.0,1000
127,70,87,0.0,1000
127,71,71,0.705,1000
127,71,72,0.413,1000
127,71,73,0.232,1000
127,71,74,0.122,1000
127,71,75,0.056,1000
127,71,76,0.033,1000
127,71,77,0.018,1000
127,71,78,0.016,1000
127,71,79,0.005,1000
127,71,80,0.002,1000
127,71,81,0.0,1000
127,71,82,0.004,1000
127,71,83,0.0,1000
127,71,84,0.0,1000
127,71,85,0.0,1000
127,72,72,0.722,1000
127,72,73,0.448,1000
127,72,74,0.236,1000
127,72,75,0.129,1000
127,72,76,0.073,1000
127,72,77,0.029,1000
127,72,78,0.017,1000
127,72,79,0.01,1000
127,72,80,0.005,1000
127,72,81,0.002,1000
127,72,82,0.001,1000
127,72,83,0.001,1000
127,72,84,0.0,1000
127,72,85,0.0,1000
127,72,86,0.0,1000
127,73,73,0.699,1000
127,73,74,0.411,1000
127,73,75,0.257,1000
127,73,76,0.113,1000
127,73,77,0.056,1000
127,73,78,0.034,1000
127,73,79,0.015,1000
127,73,80,0.01,1000
127,73,81,0.001,1000
127,73,82,0.003,1000
127,73,83,0.003,1000
127,73,84,0.0,1000
127,73,85,0.0,1000
127,73,86,0.0,1000
127,74,74,0.743,1000
127,74,75,0.404,1000
127,74,76,0.207,1000
127,74,77,0.111,1000
127,74,78,0.062,1000
127,74,79,0.031,1000
127,74,80,0.015,1000
127,74,81,0.009,1000
127,74,82,0.007,1000
127,74,83,0.002,1000
127,74,84,0.0,1000
127,74,85,0.0,1000
127,74,86,0.001,1000
127,74,87,0.0,1000
127,74,88,0.0,1000
127,74,89,0.0,1000
127,75,75,0.703,1000
127,75,76,0.424,1000
127,75,77,0.254,1000
127,75,78,0.115,1000
127,75,79,0.047,1000
127,75,80,0.029,1000
127,75,81,0.016,1000
127,75,82,0.006,1000
127,75,83,0.003,1000
127,75,84,0.0,1000
127,75,85,0.001,1000
127,75,86,0.0,1000
127,75,87,0.0,1000
127,75,88,0.0,1000
127,76,76,0.703,1000
127,76,77,0.435,1000
127,76,78,0.236,1000
127,76,79,0.119,1000
127,76,80,0.057,1000
127,76,81,0.025,1000
127,76,82,0.017,1000
127,76,83,0.008,1000
127,76,84,0.004,1000
127,76,85,0.002,1000
127,76,86,0.002,1000
127,76,87,0.001,1000
127,76,88,0.001,1000
127,76,89,0.0,1000
127,76,90,0.0,1000
127,76,91,0.0,1000
127,77,77,0.708,1000
127,77,78,0.422,1000
127,77,79,0.227,1000
127,77,80,0.121,1000
127,77,81,0.074,1000
127,77,82,0.03,1000
127,77,83,0.019,1000
127,77,84,0.008,1000
127,77,85,0.001,1000
127,77,86,0.0,1000
127,77,87,0.001,1000
127,77,88,0.001,1000
127,77,89,0.0,1000
127,77,90,0.0,1000
127,77,91,0.0,1000
127,78,78,0.715,1000
127,78,79,0.401,1000
127,78,80,0.229,1000
127,78,81,0.115,1000
127,78,82,0.078,1000
127,78,83,0.03,1000
127,78,84,0.01,1000
127,78,85,0.011,1000
127,78,86,0.006,1000
127,78,87,0.001,1000
127,78,88,0.001,1000
127,78,89,0.0,1000
127,78,90,0.001,1000
127,78,91,0.0,1000
127,78,92,0.0,1000
127,78,93,0.0,1000
127,79,79,0.716,1000
127,79,80,0.437,1000
127,79,81,0.23,1000
127,79,82,0.129,1000
127,79,83,0.064,1000
127,79,84,0.028,1000
127,79,85,0.017,1000
127,79,86,0.012,1000
127,79,87,0.005,1000
127,79,88,0.002,1000
127,79,89,0.001,1000
127,79,90,0.001,1000
127,79,91,0.0,1000
127,79,92,0.0,1000
127,79,93,0.0,1000
127,80,80,0.715,1000
127,80,81,0.425,1000
127,80,82,0.235,1000
127,80,83,0.12,1000
127,80,84,0.052,1000
127,80,85,0.036,1000
127,80,86,0.013,1000
127,80,87,0.005,1000
127,80,88,0.002,1000
127,80,89,0.005,1000
127,80,90,0.001,1000
127,80,91,0.001,1000
127,80,92,0.0,1000
127,80,93,0.0,1000
127,80,94,0.0,1000
127,81,81,0.709,1000
127,81,82,0.412,1000
127,81,83,0.247,1000
127,81,84,0.11,1000
127,81,85,0.057,1000
127,81,86,0.035,1000
127,81,87,0.011,1000
127,81,88,0.006,1000
127,81,89,0.006,1000
127,81,90,0.001,1000
127,81,91,0.0,1000
127,81,92,0.001,1000
127,81,93,0.0,1000
127,81,94,0.0,1000
127,81,95,0.0,1000
127,82,82,0.694,1000
127,82,83,0.438,1000
127,82,84,0.238,1000
127,82,85,0.123,1000
127,82,86,0.049,1000
127,82,87,0.02,1000
127,82,88,0.022,1000
127,82,89,0.01,1000
127,82,90,0.003,1000
127,82,91,0.002,1000
127,82,92,0.003,1000
127,82,93,0.0,1000
127,82,94,0.0,1000
127,82,95,0.002,1000
127,82,96,0.0,1000
127,82,97,0.0,1000
127,82,98,0.0,1000
127,83,83,0.701,1000
127,83,84,0.422,1000
127,83,85,0.237,1000
127,83,86,0.134,1000
127,83,87,0.061,1000
127,83,88,0.034,1000
127,83,89,0.011,1000
127,83,90,0.007,1000
127,83,91,0.005,1000
127,83,92,0.001,1000
127,83,93,0.003,1000
127,83,94,0.001,1000
127,83,95,0.0,1000
127,83,96,0.0,1000
127,83,97,0.0,1000
127,84,84,0.683,1000
127,84,85,0.418,1000
127,84,86,0.231,1000
127,84,87,0.101,1000
127,84,88,0.076,1000
127,84,89,0.033,1000
127,84,90,0.014,1000
127,84,91,0.007,1000
127,84,92,0.004,1000
127,84,93,0.001,1000
127,84,94,0.001,1000
127,84,95,0.001,1000
127,84,96,0.0,1000
127,84,97,0.0,1000
127,84,98,0.0,1000
127,85,85,0.724,1000
127,85,86,0.423,1000
127,85,87,0.247,1000
127,85,88,0.124,1000
127,85,89,0.069,1000
127,85,90,0.035,1000
127,85,91,0.02,1000
127,85,92,0.009,1000
127,85,93,0.005,1000
127,85,94,0.005,1000
127,85,95,0.0,1000
127,85,96,0.0,1000
127,85,97,0.001,1000
127,85,98,0.0,1000
127,85,99,0.0,1000
127,85,100,0.0,1000
127,86,86,0.738,1000
127,86,87,0.433,1000
127,86,88,0.216,1000
127,86,89,0.136,1000
127,86,90,0.05,1000
127,86,91,0.025,1000
127,86,92,0.014,1000
127,86,93,0.005,1000
127,86,94,0.002,1000
127,86,95,0.002,1000
127,86,96,0.0,1000
127,86,97,0.0,1000
127,86,98,0.0,1000
127,87,87,0.71,1000
127,87,88,0.394,1000
127,87,89,0.221,1000
127,87,90,0.109,1000
127,87,91,0.066,1000
127,87,92,0.024,1000
127,87,93,0.013,1000
127,87,94,0.009,1000
127,87,95,0.003,1000
127,87,96,0.002,1000
127,87,97,0.002,1000
127,87,98,0.0,1000
127,87,99,0.0,1000
127,87,100,0.001,1000
127,87,101,0.0,1000
127,87,102,0.0,1000
127,87,103,0.0,1000
127,88,88,0.707,1000
127,88,89,0.447,1000
127,88,90,0.238,1000
127,88,91,0.133,1000
127,88,92,0.059,1000
127,88,93,0.029,1000
127,88,94,0.013,1000
127,88,95,0.008,1000
127,88,96,0.005,1000
127,88,97,0.003,1000
127,88,98,0.001,1000
127,88,99,0.001,1000
127,88,100,0.0,1000
127,88,101,0.0,1000
127,88,102,0.0,1000
127,89,89,0.726,1000
127,89,90,0.424,1000
127,89,91,0.234,1000
127,89,92,0.124,1000
127,89,93,0.052,1000
127,89,94,0.029,1000
127,89,95,0.017,1000
127,89,96,0.01,1000
127,89,97,0.005,1000
127,89,98,0.001,1000
127,89,99,0.003,1000
127,89,100,0.0,1000
127,89,101,0.0,1000
127,89,102,0.0,1000
127,90,90,0.716,1000
127,90,91,0.424,1000
127,90,92,0.21,1000
127,90,93,0.112,1000
127,90,94,0.076,1000
127,90,95,0.024,1000
127,90,96,0.025,1000
127,90,97,0.007,1000
127,90,98,0.005,1000
127,90,99,0.001,1000
127,90,100,0.001,1000
127,90,101,0.001,1000
127,90,102,0.001,1000
127,90,103,0.0,1000
127,90,104,0.0,1000
127,90,105,0.0,1000
127,91,91,0.746,1000
127,91,92,0.414,1000
127,91,93,0.229,1000
127,91,94,0.119,1000
127,91,95,0.058,1000
127,91,96,0.031,1000
127,91,97,0.017,1000
127,91,98,0.009,1000
127,91,99,0.004,1000
127,91,100,0.0,1000
127,91,101,0.001,1000
127,91,102,0.001,1000
127,91,103,0.0,1000
127,91,104,0.0,1000
127,91,105,0.0,1000
127,92,92,0.682,1000
127,92,93,0.44,1000
127,92,94,0.212,1000
127,92,95,0.135,1000
127,92,96,0.058,1000
127,92,97,0.025,1000
127,92,98,0.011,1000
127,92,99,0.012,1000
127,92,100,0.006,1000
127,92,101,0.0,1000
127,92,102,0.002,1000
127,92,103,0.0,1000
127,92,104,0.0,1000
127,92,105,0.0,1000
127,93,93,0.72,1000
127,93,94,0.391,1000
127,93,95,0.248,1000
127,93,96,0.115,1000
127,93,97,0.071,1000
127,93,98,0.045,1000
127,93,99,0.014,1000
127,93,100,0.01,1000
127,93,101,0.005,1000
127,93,102,0.004,1000
127,93,103,0.001,1000
127,93,104,0.0,1000
127,93,105,0.0,1000
127,93,106,0.001,1000
127,93,107,0.0,1000
127,93,108,0.0,1000
127,93,109,0.0,1000
127,94,94,0.726,1000
127,94,95,0.417,1000
127,94,96,0.215,1000
127,94,97,0.099,1000
127,94,98,0.058,1000
127,94,99,0.035,1000
127,94,100,0.018,1000
127,94,101,0.009,1000
127,94,102,0.007,1000
127,94,103,0.0,1000
127,94,104,0.0,1000
127,94,105,0.0,1000
127,95,95,0.709,1000
127,95,96,0.398,1000
127,95,97,0.246,1000
127,95,98,0.107,1000
127,95,99,0.069,1000
127,95,100,0.036,1000
127,95,101,0.017,1000
127,95,102,0.007,1000
127,95,103,0.003,1000
127,95,104,0.003,1000
127,95,105,0.001,1000
127,95,106,0.0,1000
127,95,107,0.0,1000
127,95,108,0.0,1000
127,96,96,0.721,1000
127,96,97,0.392,1000
127,96,98,0.262,1000
127,96,99,0.118,1000
127,96,100,0.054,1000
127,96,101,0.039,1000
127,96,102,0.012,1000
127,96,103,0.009,1000
127,96,104,0.001,1000
127,96,105,0.0,1000
127,96,106,0.001,1000
127,96,107,0.0,1000
127,96,108,0.0,1000
127,96,109,0.0,1000
127,97,97,0.724,1000
127,97,98,0.444,1000
127,97,99,0.221,1000
127,97,100,0.105,1000
127,97,101,0.067,1000
127,97,102,0.029,1000
127,97,103,0.017,1000
127,97,104,0.008,1000
127,97,105,0.002,1000
127,97,106,0.001,1000
127,97,107,0.002,1000
127,97,108,0.002,1000
127,97,109,0.001,1000
127,97,110,0.0,1000
127,97,111,0.0,1000
127,97,112,0.0,1000
127,98,98,0.702,1000
127,98,99,0.44,1000
127,98,100,0.221,1000
127,98,101,0.129,1000
127,98,102,0.056,1000
127,98,103,0.03,1000
127,98,104,0.012,1000
127,98,105,0.007,1000
127,98,106,0.005,1000
127,98,107,0.002,1000
127,98,108,0.001,1000
127,98,109,0.0,1000
127,98,110,0.001,1000
127,98,111,0.0,1000
127,98,112,0.0,1000
127,98,113,0.0,1000
127,99,99,0.715,1000
127,99,100,0.418,1000
127,99,101,0.249,1000
127,99,102,0.109,1000
127,99,103,0.043,1000
127,99,104,0.019,1000
127,99,105,0.014,1000
127,99,106,0.01,1000
127,99,107,0.002,1000
127,99,108,0.002,1000
127,99,109,0.0,1000
127,99,110,0.0,1000
127,99,111,0.0,1000
127,100,100,0.722,1000
127,100,101,0.406,1000
127,100,102,0.234,1000
127,100,103,0.124,1000
127,100,104,0.057,1000
127,100,105,0.038,1000
127,100,106,0.02,1000
127,100,107,0.005,1000
127,100,108,0.005,1000
127,100,109,0.001,1000
127,100,110,0.001,1000
127,100,111,0.0,1000
127,100,112,0.0,1000
127,100,113,0.0,1000
127,101,101,0.691,1000
127,101,102,0.411,1000
127,101,103,0.222,1000
127,101,104,0.11,1000
127,101,105,0.064,1000
127,101,106,0.027,1000
127,101,107,0.023,1000
127,101,108,0.006,1000
127,101,109,0.007,1000
127,101,110,0.0,1000
127,101,111,0.0,1000
127,101,112,0.002,1000
127,101,113,0.0,1000
127,101,114,0.0,1000
127,101,115,0.0,1000
127,102,102,0.704,1000
127,102,103,0.446,1000
127,102,104,0.208,1000
127,102,105,0.113,1000
127,102,106,0.058,1000
127,102,107,0.027,1000
127,102,108,0.022,1000
127,102,109,0.01,1000
127,102,110,0.001,1000
127,102,111,0.003,1000
127,102,112,0.001,1000
127,102,113,0.0,1000
127,102,114,0.0,1000
127,102,115,0.0,1000
127,103,103,0.713,1000
127,103,104,0.429,1000
127,103,105,0.244,1000
127,103,106,0.128,1000
127,103,107,0.061,1000
127,103,108,0.03,1000
127,103,109,0.016,1000
127,103,110,0.01,1000
127,103,111,0.003,1000
127,103,112,0.005,1000
127,103,113,0.001,1000
127,103,114,0.0,1000
127,103,115,0.0,1000
127,103,116,0.0,1000
127,104,104,0.687,1000
127,104,105,0.419,1000
127,104,106,0.205,1000
127,104,107,0.113,1000
127,104,108,0.052,1000
127,104,109,0.03,1000
127,104,110,0.016,1000
127,104,111,0.004,1000
127,104,112,0.002,1000
127,104,113,0.002,1000
127,104,114,0.0,1000
127,104,115,0.001,1000
127,104,116,0.0,1000
127,104,117,0.0,1000
127,104,118,0.0,1000
127,105,105,0.717,1000
127,105,106,0.414,1000
127,105,107,0.232,1000
127,105,108,0.104,1000
127,105,109,0.063,1000
127,105,110,0.033,1000
127,105,111,0.009,1000
127,105,112,0.01,1000
127,105,113,0.001,1000
127,105,114,0.001,1000
127,105,115,0.0,1000
127,105,116,0.0,1000
127,105,117,0.001,1000
127,105,118,0.0,1000
127,105,119,0.0,1000
127,105,120,0.0,1000
127,106,106,0.729,1000
127,106,107,0.425,1000
127,106,108,0.242,1000
127,106,109,0.116,1000
127,106,110,0.058,1000
127,106,111,0.034,1000
127,106,112,0.009,1000
127,106,113,0.007,1000
127,106,114,0.006,1000
127,106,115,0.001,1000
127,106,116,0.0,1000
127,106,117,0.0,1000
127,106,118,0.0,1000
127,107,107,0.719,1000
127,107,108,0.423,1000
127,107,109,0.225,1000
127,107,110,0.111,1000
127,107,111,0.068,1000
127,107,112,0.036,1000
127,107,113,0.007,1000
127,107,114,0.003,1000
127,107,115,0.002,1000
127,107,116,0.0,1000
127,107,117,0.001,1000
127,107,118,0.0,1000
127,107,119,0.0,1000
127,107,120,0.001,1000
127,107,121,0.0,1000
127,107,122,0.0,1000
127,107,123,0.0,1000
127,108,108,0.694,1000
127,108,109,0.443,1000
127,108,110,0.213,1000
127,108,111,0.113,1000
127,108,112,0.056,1000
127,108,113,0.02,1000
127,108,114,0.011,1000
127,108,115,0.007,1000
127,108,116,0.003,1000
127,108,117,0.001,1000
127,108,118,0.0,1000
127,108,119,0.002,1000
127,108,120,0.0,1000
127,108,121,0.0,1000
127,108,122,0.0,1000
127,109,109,0.712,1000
127,109,110,0.446,1000
127,109,111,0.245,1000
127,109,112,0.103,1000
127,109,113,0.047,1000
127,109,114,0.028,1000
127,109,115,0.013,1000
127,109,116,0.011,1000
127,109,117,0.005,1000
127,109,118,0.002,1000
127,109,119,0.0,1000
127,109,120,0.001,1000
127,109,121,0.001,1000
127,109,122,0.0,1000
127,109,123,0.0,1000
127,109,124,0.0,1000
127,110,110,0.685,1000
127,110,111,0.439,1000
127,110,112,0.23,1000
127,110,113,0.127,1000
127,110,114,0.056,1000
127,110,115,0.031,1000
127,110,116,0.014,1000
127,110,117,0.011,1000
127,110,118,0.003,1000
127,110,119,0.0,1000
127,110,120,0.001,1000
127,110,121,0.001,1000
127,110,122,0.0,1000
127,110,123,0.0,1000
127,110,124,0.0,1000
127,111,111,0.71,1000
127,111,112,0.399,1000
127,111,113,0.216,1000
127,111,114,0.117,1000
127,111,115,0.058,1000
127,111,116,0.035,1000
127,111,117,0.016,1000
127,111,118,0.01,1000
127,111,119,0.007,1000
127,111,120,0.001,1000
127,111,121,0.001,1000
127,111,122,0.001,1000
127,111,123,0.0,1000
127,111,124,0.0,1000
127,111,125,0.0,1000
127,112,112,0.696,1000
127,112,113,0.427,1000
127,112,114,0.242,1000
127,112,115,0.108,1000
127,112,116,0.055,1000
127,112,117,0.028,1000
127,112,118,0.015,1000
127,112,119,0.005,1000
127,112,120,0.004,1000
127,112,121,0.004,1000
127,112,122,0.001,1000
127,112,123,0.0,1000
127,112,124,0.0,1000
127,112,125,0.0,1000
127,113,113,0.685,1000
127,113,114,0.444,1000
127,113,115,0.202,1000
127,113,116,0.125,1000
127,113,117,0.063,1000
127,113,118,0.024,1000
127,113,119,0.011,1000
127,113,120,0.006,1000
127,113,121,0.002,1000
127,113,122,0.002,1000
127,113,123,0.003,1000
127,113,124,0.0,1000
127,113,125,0.0,1000
127,113,126,0.0,1000
127,114,114,0.706,1000
127,114,115,0.407,1000
127,114,116,0.231,1000
127,114,117,0.129,1000
127,114,118,0.077,1000
127,114,119,0.04,1000
127,114,120,0.024,1000
127,114,121,0.008,1000
127,114,122,0.005,1000
127,114,123,0.001,1000
127,114,124,0.001,1000
127,114,125,0.001,1000
127,114,126,0.0,1000
127,114,127,0.0,1000
127,114,128,0.0,1000
127,115,115,0.73,1000
127,115,116,0.428,1000
127,115,117,0.235,1000
127,115,118,0.126,1000
127,115,119,0.063,1000
127,115,120,0.036,1000
127,115,121,0.018,1000
127,115,122,0.009,1000
127,115,123,0.006,1000
127,115,124,0.003,1000
127,115,125,0.0,1000
127,115,126,0.0,1000
127,115,127,0.0,1000
127,116,116,0.727,1000
127,116,117,0.399,1000
127,116,118,0.227,1000
127,116,119,0.138,1000
127,116,120,0.06,1000
127,116,121,0.028,1000
127,116,122,0.011,1000
127,116,123,0.008,1000
127,116,124,0.005,1000
127,116,125,0.001,1000
127,116,126,0.0,1000
127,116,127,0.0,1000
127,116,128,0.0,1000
127,117,117,0.708,1000
127,117,118,0.444,1000
127,117,119,0.234,1000
127,117,120,0.109,1000
127,117,121,0.055,1000
127,117,122,0.027,1000
127,117,123,0.013,1000
127,117,124,0.004,1000
127,117,125,0.002,1000
127,117,126,0.001,1000
127,117,127,0.0,1000
127,117,128,0.0,1000
127,117,129,0.0,1000
127,118,118,0.717,1000
127,118,119,0.417,1000
127,118,120,0.207,1000
127,118,121,0.148,1000
127,118,122,0.066,1000
127,118,123,0.037,1000
127,118,124,0.011,1000
127,118,125,0.008,1000
127,118,126,0.001,1000
127,118,127,0.0,1000
127,118,128,0.0,1000
127,118,129,0.0,1000
127,119,119,0.713,1000
127,119,120,0.425,1000
127,119,121,0.249,1000
127,119,122,0.118,1000
127,119,123,0.055,1000
127,119,124,0.033,1000
127,119,125,0.013,1000
127,119,126,0.008,1000
127,119,127,0.0,1000
127,119,128,0.0,1000
127,119,129,0.0,1000
127,120,120,0.708,1000
127,120,121,0.424,1000
127,120,122,0.226,1000
127,120,123,0.123,1000
127,120,124,0.057,1000
127,120,125,0.023,1000
127,120,126,0.005,1000
127,120,127,0.0,1000
127,120,128,0.0,1000
127,120,129,0.0,1000
127,121,121,0.689,1000
127,121,122,0.406,1000
127,121,123,0.22,1000
127,121,124,0.088,1000
127,121,125,0.046,1000
127,121,126,0.018,1000
127,121,127,0.0,1000
127,121,128,0.0,1000
127,121,129,0.0,1000
127,122,122,0.725,1000
127,122,123,0.369,1000
127,122,124,0.219,1000
127,122,125,0.099,1000
127,122,126,0.028,1000
127,122,127,0.0,1000
127,122,128,0.0,1000
127,122,129,0.0,1000
127,123,123,0.683,1000
127,123,124,0.353,1000
127,123,125,0.179,1000
127,123,126,0.052,1000
127,123,127,0.0,1000
127,123,128,0.0,1000
127,123,129,0.0,1000
127,124,124,0.679,1000
127,124,125,0.33,1000
127,124,126,0.136,1000
127,124,127,0.0,1000
127,124,128,0.0,1000
127,124,129,0.0,1000
127,125,125,0.626,1000
127,125,126,0.261,1000
127,125,127,0.0,1000
127,125,128,0.0,1000
127,125,129,0.0,1000
127,126,126,0.507,1000
127,126,127,0.0,1000
127,126,128,0.0,1000
127,126,129,0.0,1000
127,127,127,0.0,1000
127,127,128,0.0,1000
127,127,129,0.0,1000
